[21, 99]
[21, 9, 99]
[21, 9, 5, 99]
[21, 9, 5, 2, 99]
[21, 9, 5, 2, 1, 99]
[21, 9, 5, 2, 3, 99]
[21, 9, 5, 2, 3, 1, 99]
[22, 99]
[22, 21, 99]
[22, 21, 9, 99]
[22, 21, 9, 5, 99]
[22, 21, 9, 5, 2, 99]
[22, 21, 9, 5, 2, 1, 99]
[22, 23, 99]
[22, 23, 9, 99]
[22, 23, 9, 5, 99]
[22, 23, 9, 5, 2, 99]
[22, 23, 9, 5, 2, 1, 99]
[23, 99]
[23, 9, 99]
[23, 9, 5, 99]
[23, 9, 5, 2, 99]
[23, 9, 5, 2, 1, 99]
[23, 9, 5, 2, 3, 99]
[23, 9, 5, 2, 3, 1, 99]
[24, 99]
[24, 11, 99]
[24, 11, 10, 99]
[24, 11, 10, 9, 99]
[24, 11, 10, 9, 5, 99]
[24, 11, 10, 9, 5, 2, 99]
[24, 11, 10, 9, 5, 2, 1, 99]
[24, 11, 10, 9, 5, 2, 3, 99]
[24, 11, 10, 9, 5, 2, 3, 1, 99]
[25, 99]
[25, 24, 99]
[25, 24, 11, 99]
[25, 24, 11, 10, 99]
[25, 24, 11, 10, 9, 99]
[25, 24, 11, 10, 9, 5, 99]
[25, 24, 11, 10, 9, 5, 2, 99]
[25, 24, 11, 10, 9, 5, 2, 1, 99]
[25, 24, 11, 10, 9, 5, 2, 3, 99]
[25, 24, 11, 10, 9, 5, 2, 3, 1, 99]
[26, 99]
[26, 11, 99]
[26, 11, 10, 99]
[26, 11, 10, 9, 99]
[26, 11, 10, 9, 5, 99]
[26, 11, 10, 9, 5, 2, 99]
[26, 11, 10, 9, 5, 2, 1, 99]
[26, 11, 10, 9, 5, 2, 3, 99]
[26, 11, 10, 9, 5, 2, 3, 1, 99]
[27, 99]
[27, 26, 99]
[27, 26, 11, 99]
[27, 26, 11, 10, 99]
[27, 26, 11, 10, 9, 99]
[27, 26, 11, 10, 9, 5, 99]
[27, 26, 11, 10, 9, 5, 2, 99]
[27, 26, 11, 10, 9, 5, 2, 1, 99]
[27, 26, 11, 10, 9, 5, 2, 3, 99]
[27, 26, 11, 10, 9, 5, 2, 3, 1, 99]
[28, 99]
[28, 29, 99]
[28, 29, 12, 99]
[28, 29, 12, 10, 99]
[28, 29, 12, 10, 9, 99]
[28, 29, 12, 10, 9, 5, 99]
[28, 29, 12, 10, 9, 5, 2, 99]
[28, 29, 12, 10, 9, 5, 2, 1, 99]
[28, 29, 12, 10, 9, 5, 2, 3, 99]
[28, 29, 12, 10, 9, 5, 2, 3, 1, 99]
[29, 99]
[29, 12, 99]
[29, 12, 10, 99]
[29, 12, 10, 9, 99]
[29, 12, 10, 9, 5, 99]
[29, 12, 10, 9, 5, 2, 99]
[29, 12, 10, 9, 5, 2, 1, 99]
[29, 12, 10, 9, 5, 2, 3, 99]
[29, 12, 10, 9, 5, 2, 3, 1, 99]
[30, 99]
[30, 29, 99]
[30, 29, 12, 99]
[30, 29, 12, 10, 99]
[30, 29, 12, 10, 9, 99]
[30, 29, 12, 10, 9, 5, 99]
[30, 29, 12, 10, 9, 5, 2, 99]
[30, 29, 12, 10, 9, 5, 2, 1, 99]
[30, 29, 12, 10, 9, 5, 2, 3, 99]
[30, 29, 12, 10, 9, 5, 2, 3, 1, 99]
[31, 99]
[31, 14, 99]
[31, 14, 13, 99]
[31, 14, 13, 6, 99]
[31, 14, 13, 6, 5, 99]
[31, 14, 13, 6, 5, 2, 99]
[31, 14, 13, 6, 5, 2, 1, 99]
[31, 14, 13, 6, 5, 2, 3, 99]
[31, 14, 13, 6, 5, 2, 3, 1, 99]
[32, 99]
[32, 31, 99]
[32, 31, 14, 99]
[32, 31, 14, 13, 99]
[32, 31, 14, 13, 6, 99]
[32, 31, 14, 13, 6, 5, 99]
[32, 31, 14, 13, 6, 5, 2, 99]
[32, 31, 14, 13, 6, 5, 2, 1, 99]
[32, 33, 99]
[32, 33, 14, 99]
[32, 33, 14, 13, 99]
[32, 33, 14, 13, 6, 99]
[32, 33, 14, 13, 6, 5, 99]
[32, 33, 14, 13, 6, 5, 2, 99]
[32, 33, 14, 13, 6, 5, 2, 1, 99]
[33, 99]
[33, 14, 99]
[33, 14, 13, 99]
[33, 14, 13, 6, 99]
[33, 14, 13, 6, 5, 99]
[33, 14, 13, 6, 5, 2, 99]
[33, 14, 13, 6, 5, 2, 1, 99]
[33, 14, 13, 6, 5, 2, 3, 99]
[33, 14, 13, 6, 5, 2, 3, 1, 99]
[34, 99]
[34, 35, 99]
[34, 35, 16, 99]
[34, 35, 16, 17, 99]
[34, 35, 16, 17, 7, 99]
[34, 35, 16, 17, 7, 8, 99]
[34, 35, 16, 17, 7, 8, 4, 99]
[34, 35, 16, 17, 7, 8, 4, 1, 99]
[34, 35, 16, 15, 99]
[34, 35, 16, 15, 7, 99]
[34, 35, 16, 15, 7, 8, 99]
[34, 35, 16, 15, 7, 8, 4, 99]
[34, 35, 16, 15, 7, 8, 4, 1, 99]
[35, 99]
[35, 16, 99]
[35, 16, 17, 99]
[35, 16, 17, 7, 99]
[35, 16, 17, 7, 8, 99]
[35, 16, 17, 7, 8, 4, 99]
[35, 16, 17, 7, 8, 4, 1, 99]
[35, 16, 15, 99]
[35, 16, 15, 7, 99]
[35, 16, 15, 7, 8, 99]
[35, 16, 15, 7, 8, 4, 99]
[35, 16, 15, 7, 8, 4, 1, 99]
[36, 99]
[36, 16, 99]
[36, 16, 17, 99]
[36, 16, 17, 7, 99]
[36, 16, 17, 7, 8, 99]
[36, 16, 17, 7, 8, 4, 99]
[36, 16, 17, 7, 8, 4, 1, 99]
[36, 16, 15, 99]
[36, 16, 15, 7, 99]
[36, 16, 15, 7, 8, 99]
[36, 16, 15, 7, 8, 4, 99]
[36, 16, 15, 7, 8, 4, 1, 99]
[37, 99]
[37, 38, 99]
[37, 38, 17, 99]
[37, 38, 17, 7, 99]
[37, 38, 17, 7, 8, 99]
[37, 38, 17, 7, 8, 4, 99]
[37, 38, 17, 7, 8, 4, 1, 99]
[37, 38, 17, 7, 6, 99]
[37, 38, 17, 7, 6, 5, 99]
[37, 38, 17, 7, 6, 5, 2, 99]
[37, 38, 17, 7, 6, 5, 2, 1, 99]
[38, 99]
[38, 17, 99]
[38, 17, 7, 99]
[38, 17, 7, 8, 99]
[38, 17, 7, 8, 4, 99]
[38, 17, 7, 8, 4, 1, 99]
[38, 17, 7, 6, 99]
[38, 17, 7, 6, 5, 99]
[38, 17, 7, 6, 5, 2, 99]
[38, 17, 7, 6, 5, 2, 1, 99]
[39, 99]
[39, 40, 99]
[39, 40, 17, 99]
[39, 40, 17, 7, 99]
[39, 40, 17, 7, 8, 99]
[39, 40, 17, 7, 8, 4, 99]
[39, 40, 17, 7, 8, 4, 1, 99]
[39, 40, 17, 7, 6, 99]
[39, 40, 17, 7, 6, 5, 99]
[39, 40, 17, 7, 6, 5, 2, 99]
[39, 40, 17, 7, 6, 5, 2, 1, 99]
[40, 99]
[40, 17, 99]
[40, 17, 7, 99]
[40, 17, 7, 8, 99]
[40, 17, 7, 8, 4, 99]
[40, 17, 7, 8, 4, 1, 99]
[40, 17, 7, 6, 99]
[40, 17, 7, 6, 5, 99]
[40, 17, 7, 6, 5, 2, 99]
[40, 17, 7, 6, 5, 2, 1, 99]
[41, 99]
[41, 17, 99]
[41, 17, 7, 99]
[41, 17, 7, 8, 99]
[41, 17, 7, 8, 4, 99]
[41, 17, 7, 8, 4, 1, 99]
[41, 17, 7, 6, 99]
[41, 17, 7, 6, 5, 99]
[41, 17, 7, 6, 5, 2, 99]
[41, 17, 7, 6, 5, 2, 1, 99]
[42, 99]
[42, 18, 99]
[42, 18, 8, 99]
[42, 18, 8, 4, 99]
[42, 18, 8, 4, 1, 99]
[42, 18, 8, 4, 3, 99]
[42, 18, 8, 4, 3, 1, 99]
[43, 99]
[43, 42, 99]
[43, 42, 18, 99]
[43, 42, 18, 8, 99]
[43, 42, 18, 8, 4, 99]
[43, 42, 18, 8, 4, 1, 99]
[43, 42, 18, 8, 4, 3, 99]
[43, 42, 18, 8, 4, 3, 1, 99]
[44, 99]
[44, 45, 99]
[44, 45, 18, 99]
[44, 45, 18, 8, 99]
[44, 45, 18, 8, 4, 99]
[44, 45, 18, 8, 4, 1, 99]
[44, 45, 18, 8, 4, 3, 99]
[44, 45, 18, 8, 4, 3, 1, 99]
[45, 99]
[45, 18, 99]
[45, 18, 8, 99]
[45, 18, 8, 4, 99]
[45, 18, 8, 4, 1, 99]
[45, 18, 8, 4, 3, 99]
[45, 18, 8, 4, 3, 1, 99]
[46, 99]
[46, 19, 99]
[46, 19, 8, 99]
[46, 19, 8, 4, 99]
[46, 19, 8, 4, 1, 99]
[46, 19, 8, 4, 3, 99]
[46, 19, 8, 4, 3, 1, 99]
[47, 99]
[47, 48, 99]
[47, 48, 19, 99]
[47, 48, 19, 8, 99]
[47, 48, 19, 8, 4, 99]
[47, 48, 19, 8, 4, 1, 99]
[47, 46, 99]
[47, 46, 19, 99]
[47, 46, 19, 8, 99]
[47, 46, 19, 8, 4, 99]
[47, 46, 19, 8, 4, 1, 99]
[48, 99]
[48, 19, 99]
[48, 19, 8, 99]
[48, 19, 8, 4, 99]
[48, 19, 8, 4, 1, 99]
[48, 19, 8, 4, 3, 99]
[48, 19, 8, 4, 3, 1, 99]
[49, 99]
[49, 20, 99]
[49, 20, 19, 99]
[49, 20, 19, 8, 99]
[49, 20, 19, 8, 4, 99]
[49, 20, 19, 8, 4, 1, 99]
[49, 20, 19, 8, 4, 3, 99]
[49, 20, 19, 8, 4, 3, 1, 99]
[50, 99]
[50, 51, 99]
[50, 51, 20, 99]
[50, 51, 20, 19, 99]
[50, 51, 20, 19, 8, 99]
[50, 51, 20, 19, 8, 4, 99]
[50, 51, 20, 19, 8, 4, 1, 99]
[50, 49, 99]
[50, 49, 20, 99]
[50, 49, 20, 19, 99]
[50, 49, 20, 19, 8, 99]
[50, 49, 20, 19, 8, 4, 99]
[50, 49, 20, 19, 8, 4, 1, 99]
[51, 99]
[51, 20, 99]
[51, 20, 19, 99]
[51, 20, 19, 8, 99]
[51, 20, 19, 8, 4, 99]
[51, 20, 19, 8, 4, 1, 99]
[51, 20, 19, 8, 4, 3, 99]
[51, 20, 19, 8, 4, 3, 1, 99]
[21, 22, 99]
[21, 22, 23, 99]
[21, 22, 23, 9, 99]
[21, 22, 23, 9, 5, 99]
[21, 22, 23, 9, 5, 2, 99]
[23, 22, 99]
[23, 22, 21, 99]
[23, 22, 21, 9, 99]
[23, 22, 21, 9, 5, 99]
[23, 22, 21, 9, 5, 2, 99]
[24, 11, 10, 13, 99]
[24, 11, 10, 13, 6, 99]
[24, 11, 10, 13, 6, 5, 99]
[24, 11, 10, 13, 6, 5, 2, 99]
[25, 24, 11, 10, 13, 99]
[25, 24, 11, 10, 13, 6, 99]
[25, 24, 11, 10, 13, 6, 5, 99]
[25, 24, 11, 10, 13, 6, 5, 2, 99]
[26, 11, 10, 13, 99]
[26, 11, 10, 13, 6, 99]
[26, 11, 10, 13, 6, 5, 99]
[26, 11, 10, 13, 6, 5, 2, 99]
[27, 26, 11, 10, 13, 99]
[27, 26, 11, 10, 13, 6, 99]
[27, 26, 11, 10, 13, 6, 5, 99]
[27, 26, 11, 10, 13, 6, 5, 2, 99]
[28, 29, 12, 10, 13, 99]
[28, 29, 12, 10, 13, 6, 99]
[28, 29, 12, 10, 13, 6, 5, 99]
[28, 29, 12, 10, 13, 6, 5, 2, 99]
[29, 12, 10, 13, 99]
[29, 12, 10, 13, 6, 99]
[29, 12, 10, 13, 6, 5, 99]
[29, 12, 10, 13, 6, 5, 2, 99]
[30, 29, 12, 10, 13, 99]
[30, 29, 12, 10, 13, 6, 99]
[30, 29, 12, 10, 13, 6, 5, 99]
[30, 29, 12, 10, 13, 6, 5, 2, 99]
[31, 14, 12, 99]
[31, 14, 12, 10, 99]
[31, 14, 12, 10, 9, 99]
[31, 14, 12, 10, 9, 5, 99]
[31, 14, 12, 10, 9, 5, 2, 99]
[33, 14, 12, 99]
[33, 14, 12, 10, 99]
[33, 14, 12, 10, 9, 99]
[33, 14, 12, 10, 9, 5, 99]
[33, 14, 12, 10, 9, 5, 2, 99]
[34, 35, 16, 17, 7, 6, 99]
[34, 35, 16, 17, 7, 6, 5, 99]
[34, 35, 16, 17, 7, 6, 5, 2, 99]
[34, 35, 16, 15, 7, 6, 99]
[34, 35, 16, 15, 7, 6, 5, 99]
[34, 35, 16, 15, 7, 6, 5, 2, 99]
[35, 16, 17, 7, 6, 99]
[35, 16, 17, 7, 6, 5, 99]
[35, 16, 17, 7, 6, 5, 2, 99]
[35, 16, 15, 7, 6, 99]
[35, 16, 15, 7, 6, 5, 99]
[35, 16, 15, 7, 6, 5, 2, 99]
[36, 16, 17, 7, 6, 99]
[36, 16, 17, 7, 6, 5, 99]
[36, 16, 17, 7, 6, 5, 2, 99]
[36, 16, 15, 7, 6, 99]
[36, 16, 15, 7, 6, 5, 99]
[36, 16, 15, 7, 6, 5, 2, 99]
[37, 38, 17, 7, 8, 4, 1, 2, 99]
[38, 17, 7, 8, 4, 1, 2, 99]
[39, 40, 17, 7, 8, 4, 1, 2, 99]
[40, 17, 7, 8, 4, 1, 2, 99]
[41, 17, 7, 8, 4, 1, 2, 99]
[42, 18, 8, 4, 1, 2, 99]
[42, 18, 8, 4, 3, 2, 99]
[43, 42, 18, 8, 4, 1, 2, 99]
[43, 42, 18, 8, 4, 3, 2, 99]
[44, 45, 18, 8, 4, 1, 2, 99]
[44, 45, 18, 8, 4, 3, 2, 99]
[45, 18, 8, 4, 1, 2, 99]
[45, 18, 8, 4, 3, 2, 99]
[46, 19, 8, 4, 1, 2, 99]
[46, 19, 8, 4, 3, 2, 99]
[47, 48, 19, 8, 4, 1, 2, 99]
[47, 48, 19, 8, 4, 3, 99]
[47, 48, 19, 8, 4, 3, 2, 99]
[48, 19, 8, 4, 1, 2, 99]
[48, 19, 8, 4, 3, 2, 99]
[49, 20, 19, 8, 4, 1, 2, 99]
[49, 20, 19, 8, 4, 3, 2, 99]
[50, 51, 20, 19, 8, 4, 1, 2, 99]
[50, 51, 20, 19, 8, 4, 3, 99]
[50, 51, 20, 19, 8, 4, 3, 2, 99]
[51, 20, 19, 8, 4, 1, 2, 99]
[51, 20, 19, 8, 4, 3, 2, 99]
[21, 9, 5, 2, 1, 3, 99]
[22, 21, 9, 5, 2, 3, 99]
[22, 23, 9, 5, 2, 3, 99]
[23, 9, 5, 2, 1, 3, 99]
[24, 11, 10, 9, 5, 2, 1, 3, 99]
[25, 24, 11, 10, 9, 5, 2, 1, 3, 99]
[26, 11, 10, 9, 5, 2, 1, 3, 99]
[27, 26, 11, 10, 9, 5, 2, 1, 3, 99]
[28, 29, 12, 10, 9, 5, 2, 1, 3, 99]
[29, 12, 10, 9, 5, 2, 1, 3, 99]
[30, 29, 12, 10, 9, 5, 2, 1, 3, 99]
[31, 14, 13, 6, 5, 2, 1, 3, 99]
[32, 31, 14, 13, 6, 5, 2, 3, 99]
[32, 33, 14, 13, 6, 5, 2, 3, 99]
[33, 14, 13, 6, 5, 2, 1, 3, 99]
[34, 35, 16, 17, 7, 8, 4, 3, 99]
[34, 35, 16, 15, 7, 8, 4, 3, 99]
[35, 16, 17, 7, 8, 4, 3, 99]
[35, 16, 15, 7, 8, 4, 3, 99]
[36, 16, 17, 7, 8, 4, 3, 99]
[36, 16, 15, 7, 8, 4, 3, 99]
[37, 38, 17, 7, 8, 4, 3, 99]
[37, 38, 17, 7, 8, 4, 1, 3, 99]
[38, 17, 7, 8, 4, 3, 99]
[38, 17, 7, 8, 4, 1, 3, 99]
[39, 40, 17, 7, 8, 4, 3, 99]
[39, 40, 17, 7, 8, 4, 1, 3, 99]
[40, 17, 7, 8, 4, 3, 99]
[40, 17, 7, 8, 4, 1, 3, 99]
[41, 17, 7, 8, 4, 3, 99]
[41, 17, 7, 8, 4, 1, 3, 99]
[42, 18, 8, 4, 1, 3, 99]
[43, 42, 18, 8, 4, 1, 3, 99]
[44, 45, 18, 8, 4, 1, 3, 99]
[45, 18, 8, 4, 1, 3, 99]
[46, 19, 8, 4, 1, 3, 99]
[47, 46, 19, 8, 4, 3, 99]
[48, 19, 8, 4, 1, 3, 99]
[49, 20, 19, 8, 4, 1, 3, 99]
[50, 49, 20, 19, 8, 4, 3, 99]
[51, 20, 19, 8, 4, 1, 3, 99]
[21, 9, 5, 2, 3, 4, 99]
[21, 9, 5, 2, 1, 4, 99]
[22, 21, 9, 5, 2, 3, 4, 99]
[22, 21, 9, 5, 2, 1, 4, 99]
[23, 9, 5, 2, 3, 4, 99]
[23, 9, 5, 2, 1, 4, 99]
[24, 11, 10, 13, 6, 7, 99]
[24, 11, 10, 13, 6, 7, 8, 99]
[24, 11, 10, 13, 6, 7, 8, 4, 99]
[24, 11, 10, 9, 5, 2, 3, 4, 99]
[25, 24, 11, 10, 13, 6, 7, 99]
[25, 24, 11, 10, 13, 6, 7, 8, 99]
[25, 24, 11, 10, 13, 6, 7, 8, 4, 99]
[25, 24, 11, 10, 9, 5, 2, 3, 4, 99]
[26, 11, 10, 13, 6, 7, 99]
[26, 11, 10, 13, 6, 7, 8, 99]
[26, 11, 10, 13, 6, 7, 8, 4, 99]
[26, 11, 10, 9, 5, 2, 3, 4, 99]
[27, 26, 11, 10, 13, 6, 7, 99]
[27, 26, 11, 10, 13, 6, 7, 8, 99]
[27, 26, 11, 10, 13, 6, 7, 8, 4, 99]
[27, 26, 11, 10, 9, 5, 2, 3, 4, 99]
[28, 29, 12, 10, 13, 6, 7, 99]
[28, 29, 12, 10, 13, 6, 7, 8, 99]
[28, 29, 12, 10, 13, 6, 7, 8, 4, 99]
[28, 29, 12, 10, 9, 5, 2, 3, 4, 99]
[29, 12, 10, 13, 6, 7, 99]
[29, 12, 10, 13, 6, 7, 8, 99]
[29, 12, 10, 13, 6, 7, 8, 4, 99]
[29, 12, 10, 9, 5, 2, 3, 4, 99]
[30, 29, 12, 10, 13, 6, 7, 99]
[30, 29, 12, 10, 13, 6, 7, 8, 99]
[30, 29, 12, 10, 13, 6, 7, 8, 4, 99]
[30, 29, 12, 10, 9, 5, 2, 3, 4, 99]
[31, 14, 13, 6, 7, 99]
[31, 14, 13, 6, 7, 8, 99]
[31, 14, 13, 6, 7, 8, 4, 99]
[31, 14, 13, 6, 5, 2, 3, 4, 99]
[32, 31, 14, 13, 6, 7, 99]
[32, 31, 14, 13, 6, 7, 8, 99]
[32, 31, 14, 13, 6, 7, 8, 4, 99]
[32, 33, 14, 13, 6, 7, 99]
[32, 33, 14, 13, 6, 7, 8, 99]
[32, 33, 14, 13, 6, 7, 8, 4, 99]
[33, 14, 13, 6, 7, 99]
[33, 14, 13, 6, 7, 8, 99]
[33, 14, 13, 6, 7, 8, 4, 99]
[33, 14, 13, 6, 5, 2, 3, 4, 99]
[37, 38, 40, 99]
[37, 38, 40, 17, 99]
[37, 38, 40, 17, 7, 99]
[37, 38, 40, 17, 7, 8, 99]
[37, 38, 40, 17, 7, 8, 4, 99]
[38, 40, 99]
[38, 40, 17, 99]
[38, 40, 17, 7, 99]
[38, 40, 17, 7, 8, 99]
[38, 40, 17, 7, 8, 4, 99]
[39, 37, 99]
[39, 37, 38, 99]
[39, 37, 38, 17, 99]
[39, 37, 38, 17, 7, 99]
[39, 37, 38, 17, 7, 8, 99]
[39, 37, 38, 17, 7, 8, 4, 99]
[40, 38, 99]
[40, 38, 17, 99]
[40, 38, 17, 7, 99]
[40, 38, 17, 7, 8, 99]
[40, 38, 17, 7, 8, 4, 99]
[41, 17, 16, 99]
[41, 17, 16, 15, 99]
[41, 17, 16, 15, 7, 99]
[41, 17, 16, 15, 7, 8, 99]
[41, 17, 16, 15, 7, 8, 4, 99]
[42, 18, 19, 99]
[42, 18, 19, 8, 99]
[42, 18, 19, 8, 4, 99]
[43, 42, 18, 19, 99]
[43, 42, 18, 19, 8, 99]
[43, 42, 18, 19, 8, 4, 99]
[44, 45, 18, 19, 99]
[44, 45, 18, 19, 8, 99]
[44, 45, 18, 19, 8, 4, 99]
[45, 18, 19, 99]
[45, 18, 19, 8, 99]
[45, 18, 19, 8, 4, 99]
[46, 19, 18, 99]
[46, 19, 18, 8, 99]
[46, 19, 18, 8, 4, 99]
[48, 19, 18, 99]
[48, 19, 18, 8, 99]
[48, 19, 18, 8, 4, 99]
[49, 20, 19, 18, 99]
[49, 20, 19, 18, 8, 99]
[49, 20, 19, 18, 8, 4, 99]
[51, 20, 19, 18, 99]
[51, 20, 19, 18, 8, 99]
[51, 20, 19, 18, 8, 4, 99]
