[2, 1]
[2, 3, 1]
[2, 3, 4, 1]
[2, 5, 6, 7, 8, 4, 1]
[2, 5, 6, 7, 8, 4, 3, 1]
[3, 1]
[3, 4, 1]
[3, 2, 1]
[3, 4, 8, 7, 6, 5, 2, 1]
[3, 2, 5, 6, 7, 8, 4, 1]
[4, 1]
[4, 3, 1]
[4, 3, 2, 1]
[4, 8, 7, 6, 5, 2, 1]
[4, 8, 7, 6, 5, 2, 3, 1]
[5, 2, 1]
[5, 2, 3, 1]
[5, 2, 3, 4, 1]
[5, 6, 7, 8, 4, 1]
[5, 6, 7, 8, 4, 3, 1]
[6, 5, 2, 1]
[6, 5, 2, 3, 1]
[6, 7, 8, 4, 1]
[6, 5, 2, 3, 4, 1]
[6, 7, 8, 4, 3, 1]
[7, 8, 4, 1]
[7, 6, 5, 2, 1]
[7, 8, 4, 3, 1]
[7, 6, 5, 2, 3, 1]
[7, 8, 4, 3, 2, 1]
[8, 4, 1]
[8, 4, 3, 1]
[8, 4, 3, 2, 1]
[8, 7, 6, 5, 2, 1]
[8, 7, 6, 5, 2, 3, 1]
[9, 5, 2, 1]
[9, 5, 2, 3, 1]
[9, 5, 2, 3, 4, 1]
[9, 5, 6, 7, 8, 4, 1]
[9, 10, 13, 6, 5, 2, 1]
[10, 9, 5, 2, 1]
[10, 9, 5, 2, 3, 1]
[10, 13, 6, 5, 2, 1]
[10, 9, 5, 2, 3, 4, 1]
[10, 13, 6, 5, 2, 3, 1]
[11, 10, 9, 5, 2, 1]
[11, 10, 9, 5, 2, 3, 1]
[11, 10, 13, 6, 5, 2, 1]
[11, 10, 9, 5, 2, 3, 4, 1]
[11, 10, 13, 6, 5, 2, 3, 1]
[12, 10, 9, 5, 2, 1]
[12, 10, 9, 5, 2, 3, 1]
[12, 10, 13, 6, 5, 2, 1]
[12, 14, 13, 6, 5, 2, 1]
[12, 10, 9, 5, 2, 3, 4, 1]
[13, 6, 5, 2, 1]
[13, 10, 9, 5, 2, 1]
[13, 6, 5, 2, 3, 1]
[13, 6, 7, 8, 4, 1]
[13, 10, 9, 5, 2, 3, 1]
[14, 13, 6, 5, 2, 1]
[14, 12, 10, 9, 5, 2, 1]
[14, 13, 10, 9, 5, 2, 1]
[14, 13, 6, 5, 2, 3, 1]
[14, 13, 6, 7, 8, 4, 1]
[15, 7, 8, 4, 1]
[15, 7, 6, 5, 2, 1]
[15, 7, 8, 4, 3, 1]
[15, 7, 6, 5, 2, 3, 1]
[15, 7, 8, 4, 3, 2, 1]
[16, 17, 7, 8, 4, 1]
[16, 15, 7, 8, 4, 1]
[16, 17, 7, 6, 5, 2, 1]
[16, 17, 7, 8, 4, 3, 1]
[16, 15, 7, 6, 5, 2, 1]
[17, 7, 8, 4, 1]
[17, 7, 6, 5, 2, 1]
[17, 7, 8, 4, 3, 1]
[17, 7, 6, 5, 2, 3, 1]
[17, 7, 8, 4, 3, 2, 1]
[18, 8, 4, 1]
[18, 19, 8, 4, 1]
[18, 8, 4, 3, 1]
[18, 19, 8, 4, 3, 1]
[18, 8, 4, 3, 2, 1]
[19, 8, 4, 1]
[19, 8, 4, 3, 1]
[19, 18, 8, 4, 1]
[19, 8, 4, 3, 2, 1]
[19, 18, 8, 4, 3, 1]
[20, 19, 8, 4, 1]
[20, 19, 8, 4, 3, 1]
[20, 19, 18, 8, 4, 1]
[20, 19, 8, 4, 3, 2, 1]
[20, 19, 18, 8, 4, 3, 1]
[21, 9, 5, 2, 1]
[21, 9, 5, 2, 3, 1]
[21, 9, 5, 2, 3, 4, 1]
[21, 22, 23, 9, 5, 2, 1]
[21, 9, 5, 6, 7, 8, 4, 1]
[22, 21, 9, 5, 2, 1]
[22, 23, 9, 5, 2, 1]
[22, 21, 9, 5, 2, 3, 1]
[22, 23, 9, 5, 2, 3, 1]
[22, 21, 9, 5, 2, 3, 4, 1]
[23, 9, 5, 2, 1]
[23, 9, 5, 2, 3, 1]
[23, 9, 5, 2, 3, 4, 1]
[23, 22, 21, 9, 5, 2, 1]
[23, 9, 5, 6, 7, 8, 4, 1]
[24, 11, 10, 9, 5, 2, 1]
[24, 26, 11, 10, 9, 5, 2, 1]
[24, 11, 10, 9, 5, 2, 3, 1]
[24, 11, 10, 13, 6, 5, 2, 1]
[24, 26, 11, 10, 9, 5, 2, 3, 1]
[25, 24, 11, 10, 9, 5, 2, 1]
[25, 24, 26, 11, 10, 9, 5, 2, 1]
[25, 24, 11, 10, 9, 5, 2, 3, 1]
[25, 24, 11, 10, 13, 6, 5, 2, 1]
[25, 27, 26, 11, 10, 9, 5, 2, 1]
[26, 11, 10, 9, 5, 2, 1]
[26, 11, 10, 9, 5, 2, 3, 1]
[26, 11, 10, 13, 6, 5, 2, 1]
[26, 24, 11, 10, 9, 5, 2, 1]
[26, 11, 10, 9, 5, 2, 3, 4, 1]
[27, 26, 11, 10, 9, 5, 2, 1]
[27, 26, 11, 10, 9, 5, 2, 3, 1]
[27, 26, 11, 10, 13, 6, 5, 2, 1]
[27, 26, 24, 11, 10, 9, 5, 2, 1]
[27, 25, 24, 11, 10, 9, 5, 2, 1]
[28, 29, 12, 10, 9, 5, 2, 1]
[28, 29, 12, 10, 9, 5, 2, 3, 1]
[28, 29, 12, 10, 13, 6, 5, 2, 1]
[28, 29, 12, 14, 13, 6, 5, 2, 1]
[28, 30, 29, 12, 10, 9, 5, 2, 1]
[29, 12, 10, 9, 5, 2, 1]
[29, 12, 10, 9, 5, 2, 3, 1]
[29, 12, 10, 13, 6, 5, 2, 1]
[29, 12, 14, 13, 6, 5, 2, 1]
[29, 12, 10, 9, 5, 2, 3, 4, 1]
[30, 29, 12, 10, 9, 5, 2, 1]
[30, 28, 29, 12, 10, 9, 5, 2, 1]
[30, 29, 12, 10, 9, 5, 2, 3, 1]
[30, 29, 12, 10, 13, 6, 5, 2, 1]
[30, 29, 12, 14, 13, 6, 5, 2, 1]
[31, 14, 13, 6, 5, 2, 1]
[31, 33, 14, 13, 6, 5, 2, 1]
[31, 14, 12, 10, 9, 5, 2, 1]
[31, 14, 13, 10, 9, 5, 2, 1]
[31, 14, 13, 6, 5, 2, 3, 1]
[32, 31, 14, 13, 6, 5, 2, 1]
[32, 33, 14, 13, 6, 5, 2, 1]
[32, 31, 33, 14, 13, 6, 5, 2, 1]
[32, 31, 14, 12, 10, 9, 5, 2, 1]
[32, 31, 14, 13, 10, 9, 5, 2, 1]
[33, 14, 13, 6, 5, 2, 1]
[33, 31, 14, 13, 6, 5, 2, 1]
[33, 14, 12, 10, 9, 5, 2, 1]
[33, 14, 13, 10, 9, 5, 2, 1]
[33, 14, 13, 6, 5, 2, 3, 1]
[34, 36, 16, 17, 7, 8, 4, 1]
[34, 36, 16, 15, 7, 8, 4, 1]
[34, 35, 16, 17, 7, 8, 4, 1]
[34, 35, 16, 15, 7, 8, 4, 1]
[34, 36, 35, 16, 17, 7, 8, 4, 1]
[35, 16, 17, 7, 8, 4, 1]
[35, 16, 15, 7, 8, 4, 1]
[35, 36, 16, 17, 7, 8, 4, 1]
[35, 36, 16, 15, 7, 8, 4, 1]
[35, 16, 17, 7, 6, 5, 2, 1]
[36, 16, 17, 7, 8, 4, 1]
[36, 16, 15, 7, 8, 4, 1]
[36, 35, 16, 17, 7, 8, 4, 1]
[36, 35, 16, 15, 7, 8, 4, 1]
[36, 16, 17, 7, 6, 5, 2, 1]
[37, 38, 17, 7, 8, 4, 1]
[37, 39, 40, 17, 7, 8, 4, 1]
[37, 38, 17, 7, 6, 5, 2, 1]
[37, 38, 17, 7, 8, 4, 3, 1]
[37, 38, 40, 17, 7, 8, 4, 1]
[38, 17, 7, 8, 4, 1]
[38, 17, 7, 6, 5, 2, 1]
[38, 17, 7, 8, 4, 3, 1]
[38, 40, 17, 7, 8, 4, 1]
[38, 17, 7, 6, 5, 2, 3, 1]
[39, 40, 17, 7, 8, 4, 1]
[39, 40, 17, 7, 6, 5, 2, 1]
[39, 40, 17, 7, 8, 4, 3, 1]
[39, 40, 38, 17, 7, 8, 4, 1]
[39, 37, 38, 17, 7, 8, 4, 1]
[40, 17, 7, 8, 4, 1]
[40, 17, 7, 6, 5, 2, 1]
[40, 17, 7, 8, 4, 3, 1]
[40, 38, 17, 7, 8, 4, 1]
[40, 17, 7, 6, 5, 2, 3, 1]
[41, 17, 7, 8, 4, 1]
[41, 17, 7, 6, 5, 2, 1]
[41, 17, 7, 8, 4, 3, 1]
[41, 17, 7, 6, 5, 2, 3, 1]
[41, 17, 7, 8, 4, 3, 2, 1]
[42, 18, 8, 4, 1]
[42, 18, 19, 8, 4, 1]
[42, 18, 8, 4, 3, 1]
[42, 18, 19, 8, 4, 3, 1]
[42, 18, 8, 4, 3, 2, 1]
[43, 42, 18, 8, 4, 1]
[43, 44, 45, 18, 8, 4, 1]
[43, 42, 18, 19, 8, 4, 1]
[43, 42, 18, 8, 4, 3, 1]
[43, 44, 45, 18, 19, 8, 4, 1]
[44, 45, 18, 8, 4, 1]
[44, 43, 42, 18, 8, 4, 1]
[44, 45, 18, 19, 8, 4, 1]
[44, 45, 18, 8, 4, 3, 1]
[44, 43, 42, 18, 19, 8, 4, 1]
[45, 18, 8, 4, 1]
[45, 18, 19, 8, 4, 1]
[45, 18, 8, 4, 3, 1]
[45, 18, 19, 8, 4, 3, 1]
[45, 18, 8, 4, 3, 2, 1]
[46, 19, 8, 4, 1]
[46, 19, 8, 4, 3, 1]
[46, 19, 18, 8, 4, 1]
[46, 47, 48, 19, 8, 4, 1]
[46, 19, 8, 4, 3, 2, 1]
[47, 46, 19, 8, 4, 1]
[47, 48, 19, 8, 4, 1]
[47, 46, 19, 8, 4, 3, 1]
[47, 46, 19, 18, 8, 4, 1]
[47, 48, 19, 8, 4, 3, 1]
[48, 19, 8, 4, 1]
[48, 19, 8, 4, 3, 1]
[48, 19, 18, 8, 4, 1]
[48, 47, 46, 19, 8, 4, 1]
[48, 19, 8, 4, 3, 2, 1]
[49, 20, 19, 8, 4, 1]
[49, 20, 19, 8, 4, 3, 1]
[49, 20, 19, 18, 8, 4, 1]
[49, 20, 19, 8, 4, 3, 2, 1]
[49, 20, 19, 18, 8, 4, 3, 1]
[50, 49, 20, 19, 8, 4, 1]
[50, 51, 20, 19, 8, 4, 1]
[50, 49, 20, 19, 8, 4, 3, 1]
[50, 49, 20, 19, 18, 8, 4, 1]
[50, 51, 20, 19, 8, 4, 3, 1]
[51, 20, 19, 8, 4, 1]
[51, 20, 19, 8, 4, 3, 1]
[51, 20, 19, 18, 8, 4, 1]
[51, 20, 19, 8, 4, 3, 2, 1]
[51, 20, 19, 18, 8, 4, 3, 1]
[1, 2]
[1, 3, 2]
[1, 4, 3, 2]
[1, 4, 8, 7, 6, 5, 2]
[1, 3, 4, 8, 7, 6, 5, 2]
[3, 2]
[3, 1, 2]
[3, 4, 1, 2]
[3, 4, 8, 7, 6, 5, 2]
[3, 1, 4, 8, 7, 6, 5, 2]
[4, 3, 2]
[4, 1, 2]
[4, 3, 1, 2]
[4, 1, 3, 2]
[4, 8, 7, 6, 5, 2]
[5, 2]
[5, 6, 7, 8, 4, 3, 2]
[5, 6, 7, 8, 4, 1, 2]
[5, 6, 7, 8, 4, 3, 1, 2]
[5, 6, 7, 8, 4, 1, 3, 2]
[6, 5, 2]
[6, 7, 8, 4, 3, 2]
[6, 7, 8, 4, 1, 2]
[6, 13, 10, 9, 5, 2]
[6, 7, 8, 4, 3, 1, 2]
[7, 6, 5, 2]
[7, 8, 4, 3, 2]
[7, 8, 4, 1, 2]
[7, 8, 4, 3, 1, 2]
[7, 8, 4, 1, 3, 2]
[8, 4, 3, 2]
[8, 4, 1, 2]
[8, 4, 3, 1, 2]
[8, 4, 1, 3, 2]
[8, 7, 6, 5, 2]
[9, 5, 2]
[9, 10, 13, 6, 5, 2]
[9, 5, 6, 7, 8, 4, 3, 2]
[9, 5, 6, 7, 8, 4, 1, 2]
[9, 10, 12, 14, 13, 6, 5, 2]
[10, 9, 5, 2]
[10, 13, 6, 5, 2]
[10, 12, 14, 13, 6, 5, 2]
[10, 13, 6, 7, 8, 4, 3, 2]
[10, 13, 6, 7, 8, 4, 1, 2]
[11, 10, 9, 5, 2]
[11, 10, 13, 6, 5, 2]
[11, 10, 12, 14, 13, 6, 5, 2]
[11, 10, 13, 6, 7, 8, 4, 3, 2]
[11, 10, 13, 6, 7, 8, 4, 1, 2]
[12, 10, 9, 5, 2]
[12, 10, 13, 6, 5, 2]
[12, 14, 13, 6, 5, 2]
[12, 14, 13, 10, 9, 5, 2]
[12, 10, 13, 6, 7, 8, 4, 3, 2]
[13, 6, 5, 2]
[13, 10, 9, 5, 2]
[13, 6, 7, 8, 4, 3, 2]
[13, 6, 7, 8, 4, 1, 2]
[13, 14, 12, 10, 9, 5, 2]
[14, 13, 6, 5, 2]
[14, 12, 10, 9, 5, 2]
[14, 13, 10, 9, 5, 2]
[14, 12, 10, 13, 6, 5, 2]
[14, 13, 6, 7, 8, 4, 3, 2]
[15, 7, 6, 5, 2]
[15, 7, 8, 4, 3, 2]
[15, 7, 8, 4, 1, 2]
[15, 7, 8, 4, 3, 1, 2]
[15, 7, 8, 4, 1, 3, 2]
[16, 17, 7, 6, 5, 2]
[16, 15, 7, 6, 5, 2]
[16, 17, 7, 8, 4, 3, 2]
[16, 17, 7, 8, 4, 1, 2]
[16, 15, 7, 8, 4, 3, 2]
[17, 7, 6, 5, 2]
[17, 7, 8, 4, 3, 2]
[17, 7, 8, 4, 1, 2]
[17, 7, 8, 4, 3, 1, 2]
[17, 7, 8, 4, 1, 3, 2]
[18, 8, 4, 3, 2]
[18, 8, 4, 1, 2]
[18, 19, 8, 4, 3, 2]
[18, 19, 8, 4, 1, 2]
[18, 8, 4, 3, 1, 2]
[19, 8, 4, 3, 2]
[19, 8, 4, 1, 2]
[19, 8, 4, 3, 1, 2]
[19, 8, 4, 1, 3, 2]
[19, 8, 7, 6, 5, 2]
[20, 19, 8, 4, 3, 2]
[20, 19, 8, 4, 1, 2]
[20, 19, 8, 4, 3, 1, 2]
[20, 19, 8, 4, 1, 3, 2]
[20, 19, 8, 7, 6, 5, 2]
[21, 9, 5, 2]
[21, 22, 23, 9, 5, 2]
[21, 9, 10, 13, 6, 5, 2]
[21, 9, 5, 6, 7, 8, 4, 3, 2]
[21, 9, 5, 6, 7, 8, 4, 1, 2]
[22, 21, 9, 5, 2]
[22, 23, 9, 5, 2]
[22, 21, 9, 10, 13, 6, 5, 2]
[22, 23, 9, 10, 13, 6, 5, 2]
[22, 21, 9, 5, 6, 7, 8, 4, 3, 2]
[23, 9, 5, 2]
[23, 22, 21, 9, 5, 2]
[23, 9, 10, 13, 6, 5, 2]
[23, 9, 5, 6, 7, 8, 4, 3, 2]
[23, 9, 5, 6, 7, 8, 4, 1, 2]
[24, 11, 10, 9, 5, 2]
[24, 26, 11, 10, 9, 5, 2]
[24, 11, 10, 13, 6, 5, 2]
[24, 26, 11, 10, 13, 6, 5, 2]
[24, 11, 10, 12, 14, 13, 6, 5, 2]
[25, 24, 11, 10, 9, 5, 2]
[25, 24, 26, 11, 10, 9, 5, 2]
[25, 24, 11, 10, 13, 6, 5, 2]
[25, 27, 26, 11, 10, 9, 5, 2]
[25, 24, 26, 11, 10, 13, 6, 5, 2]
[26, 11, 10, 9, 5, 2]
[26, 11, 10, 13, 6, 5, 2]
[26, 24, 11, 10, 9, 5, 2]
[26, 24, 11, 10, 13, 6, 5, 2]
[26, 11, 10, 12, 14, 13, 6, 5, 2]
[27, 26, 11, 10, 9, 5, 2]
[27, 26, 11, 10, 13, 6, 5, 2]
[27, 26, 24, 11, 10, 9, 5, 2]
[27, 25, 24, 11, 10, 9, 5, 2]
[27, 26, 24, 11, 10, 13, 6, 5, 2]
[28, 29, 12, 10, 9, 5, 2]
[28, 29, 12, 10, 13, 6, 5, 2]
[28, 29, 12, 14, 13, 6, 5, 2]
[28, 30, 29, 12, 10, 9, 5, 2]
[28, 29, 12, 14, 13, 10, 9, 5, 2]
[29, 12, 10, 9, 5, 2]
[29, 12, 10, 13, 6, 5, 2]
[29, 12, 14, 13, 6, 5, 2]
[29, 12, 14, 13, 10, 9, 5, 2]
[29, 12, 10, 13, 6, 7, 8, 4, 3, 2]
[30, 29, 12, 10, 9, 5, 2]
[30, 28, 29, 12, 10, 9, 5, 2]
[30, 29, 12, 10, 13, 6, 5, 2]
[30, 29, 12, 14, 13, 6, 5, 2]
[30, 28, 29, 12, 10, 13, 6, 5, 2]
[31, 14, 13, 6, 5, 2]
[31, 33, 14, 13, 6, 5, 2]
[31, 14, 12, 10, 9, 5, 2]
[31, 14, 13, 10, 9, 5, 2]
[31, 33, 14, 12, 10, 9, 5, 2]
[32, 31, 14, 13, 6, 5, 2]
[32, 33, 14, 13, 6, 5, 2]
[32, 31, 33, 14, 13, 6, 5, 2]
[32, 31, 14, 12, 10, 9, 5, 2]
[32, 31, 14, 13, 10, 9, 5, 2]
[33, 14, 13, 6, 5, 2]
[33, 31, 14, 13, 6, 5, 2]
[33, 14, 12, 10, 9, 5, 2]
[33, 14, 13, 10, 9, 5, 2]
[33, 31, 14, 12, 10, 9, 5, 2]
[34, 36, 16, 17, 7, 6, 5, 2]
[34, 36, 16, 15, 7, 6, 5, 2]
[34, 35, 16, 17, 7, 6, 5, 2]
[34, 35, 16, 15, 7, 6, 5, 2]
[34, 36, 35, 16, 17, 7, 6, 5, 2]
[35, 16, 17, 7, 6, 5, 2]
[35, 16, 15, 7, 6, 5, 2]
[35, 36, 16, 17, 7, 6, 5, 2]
[35, 36, 16, 15, 7, 6, 5, 2]
[35, 16, 17, 7, 8, 4, 3, 2]
[36, 16, 17, 7, 6, 5, 2]
[36, 16, 15, 7, 6, 5, 2]
[36, 35, 16, 17, 7, 6, 5, 2]
[36, 35, 16, 15, 7, 6, 5, 2]
[36, 16, 17, 7, 8, 4, 3, 2]
[37, 38, 17, 7, 6, 5, 2]
[37, 39, 40, 17, 7, 6, 5, 2]
[37, 38, 17, 7, 8, 4, 3, 2]
[37, 38, 17, 7, 8, 4, 1, 2]
[37, 38, 40, 17, 7, 6, 5, 2]
[38, 17, 7, 6, 5, 2]
[38, 17, 7, 8, 4, 3, 2]
[38, 17, 7, 8, 4, 1, 2]
[38, 40, 17, 7, 6, 5, 2]
[38, 17, 7, 8, 4, 3, 1, 2]
[39, 40, 17, 7, 6, 5, 2]
[39, 40, 17, 7, 8, 4, 3, 2]
[39, 40, 17, 7, 8, 4, 1, 2]
[39, 40, 38, 17, 7, 6, 5, 2]
[39, 37, 38, 17, 7, 6, 5, 2]
[40, 17, 7, 6, 5, 2]
[40, 17, 7, 8, 4, 3, 2]
[40, 17, 7, 8, 4, 1, 2]
[40, 38, 17, 7, 6, 5, 2]
[40, 17, 7, 8, 4, 3, 1, 2]
[41, 17, 7, 6, 5, 2]
[41, 17, 7, 8, 4, 3, 2]
[41, 17, 7, 8, 4, 1, 2]
[41, 17, 7, 8, 4, 3, 1, 2]
[41, 17, 7, 8, 4, 1, 3, 2]
[42, 18, 8, 4, 3, 2]
[42, 18, 8, 4, 1, 2]
[42, 18, 19, 8, 4, 3, 2]
[42, 18, 19, 8, 4, 1, 2]
[42, 18, 8, 4, 3, 1, 2]
[43, 42, 18, 8, 4, 3, 2]
[43, 42, 18, 8, 4, 1, 2]
[43, 44, 45, 18, 8, 4, 3, 2]
[43, 44, 45, 18, 8, 4, 1, 2]
[43, 42, 18, 19, 8, 4, 3, 2]
[44, 45, 18, 8, 4, 3, 2]
[44, 45, 18, 8, 4, 1, 2]
[44, 43, 42, 18, 8, 4, 3, 2]
[44, 43, 42, 18, 8, 4, 1, 2]
[44, 45, 18, 19, 8, 4, 3, 2]
[45, 18, 8, 4, 3, 2]
[45, 18, 8, 4, 1, 2]
[45, 18, 19, 8, 4, 3, 2]
[45, 18, 19, 8, 4, 1, 2]
[45, 18, 8, 4, 3, 1, 2]
[46, 19, 8, 4, 3, 2]
[46, 19, 8, 4, 1, 2]
[46, 19, 8, 4, 3, 1, 2]
[46, 19, 8, 4, 1, 3, 2]
[46, 19, 8, 7, 6, 5, 2]
[47, 46, 19, 8, 4, 3, 2]
[47, 46, 19, 8, 4, 1, 2]
[47, 48, 19, 8, 4, 3, 2]
[47, 48, 19, 8, 4, 1, 2]
[47, 46, 19, 8, 4, 3, 1, 2]
[48, 19, 8, 4, 3, 2]
[48, 19, 8, 4, 1, 2]
[48, 19, 8, 4, 3, 1, 2]
[48, 19, 8, 4, 1, 3, 2]
[48, 19, 8, 7, 6, 5, 2]
[49, 20, 19, 8, 4, 3, 2]
[49, 20, 19, 8, 4, 1, 2]
[49, 20, 19, 8, 4, 3, 1, 2]
[49, 20, 19, 8, 4, 1, 3, 2]
[49, 20, 19, 8, 7, 6, 5, 2]
[50, 49, 20, 19, 8, 4, 3, 2]
[50, 49, 20, 19, 8, 4, 1, 2]
[50, 51, 20, 19, 8, 4, 3, 2]
[50, 51, 20, 19, 8, 4, 1, 2]
[50, 49, 20, 19, 8, 4, 3, 1, 2]
[51, 20, 19, 8, 4, 3, 2]
[51, 20, 19, 8, 4, 1, 2]
[51, 20, 19, 8, 4, 3, 1, 2]
[51, 20, 19, 8, 4, 1, 3, 2]
[51, 20, 19, 8, 7, 6, 5, 2]
[1, 3]
[1, 4, 3]
[1, 2, 3]
[1, 4, 8, 7, 6, 5, 2, 3]
[1, 2, 5, 6, 7, 8, 4, 3]
[2, 3]
[2, 1, 3]
[2, 1, 4, 3]
[2, 5, 6, 7, 8, 4, 3]
[2, 5, 6, 7, 8, 4, 1, 3]
[4, 3]
[4, 1, 3]
[4, 1, 2, 3]
[4, 8, 7, 6, 5, 2, 3]
[4, 8, 7, 6, 5, 2, 1, 3]
[5, 2, 3]
[5, 2, 1, 3]
[5, 2, 1, 4, 3]
[5, 6, 7, 8, 4, 3]
[5, 6, 7, 8, 4, 1, 3]
[6, 5, 2, 3]
[6, 5, 2, 1, 3]
[6, 7, 8, 4, 3]
[6, 5, 2, 1, 4, 3]
[6, 7, 8, 4, 1, 3]
[7, 8, 4, 3]
[7, 6, 5, 2, 3]
[7, 8, 4, 1, 3]
[7, 6, 5, 2, 1, 3]
[7, 8, 4, 1, 2, 3]
[8, 4, 3]
[8, 4, 1, 3]
[8, 4, 1, 2, 3]
[8, 7, 6, 5, 2, 3]
[8, 7, 6, 5, 2, 1, 3]
[9, 5, 2, 3]
[9, 5, 2, 1, 3]
[9, 5, 2, 1, 4, 3]
[9, 5, 6, 7, 8, 4, 3]
[9, 10, 13, 6, 5, 2, 3]
[10, 9, 5, 2, 3]
[10, 9, 5, 2, 1, 3]
[10, 13, 6, 5, 2, 3]
[10, 9, 5, 2, 1, 4, 3]
[10, 13, 6, 5, 2, 1, 3]
[11, 10, 9, 5, 2, 3]
[11, 10, 9, 5, 2, 1, 3]
[11, 10, 13, 6, 5, 2, 3]
[11, 10, 9, 5, 2, 1, 4, 3]
[11, 10, 13, 6, 5, 2, 1, 3]
[12, 10, 9, 5, 2, 3]
[12, 10, 9, 5, 2, 1, 3]
[12, 10, 13, 6, 5, 2, 3]
[12, 14, 13, 6, 5, 2, 3]
[12, 10, 9, 5, 2, 1, 4, 3]
[13, 6, 5, 2, 3]
[13, 10, 9, 5, 2, 3]
[13, 6, 5, 2, 1, 3]
[13, 6, 7, 8, 4, 3]
[13, 10, 9, 5, 2, 1, 3]
[14, 13, 6, 5, 2, 3]
[14, 12, 10, 9, 5, 2, 3]
[14, 13, 10, 9, 5, 2, 3]
[14, 13, 6, 5, 2, 1, 3]
[14, 13, 6, 7, 8, 4, 3]
[15, 7, 8, 4, 3]
[15, 7, 6, 5, 2, 3]
[15, 7, 8, 4, 1, 3]
[15, 7, 6, 5, 2, 1, 3]
[15, 7, 8, 4, 1, 2, 3]
[16, 17, 7, 8, 4, 3]
[16, 15, 7, 8, 4, 3]
[16, 17, 7, 6, 5, 2, 3]
[16, 17, 7, 8, 4, 1, 3]
[16, 15, 7, 6, 5, 2, 3]
[17, 7, 8, 4, 3]
[17, 7, 6, 5, 2, 3]
[17, 7, 8, 4, 1, 3]
[17, 7, 6, 5, 2, 1, 3]
[17, 7, 8, 4, 1, 2, 3]
[18, 8, 4, 3]
[18, 19, 8, 4, 3]
[18, 8, 4, 1, 3]
[18, 19, 8, 4, 1, 3]
[18, 8, 4, 1, 2, 3]
[19, 8, 4, 3]
[19, 8, 4, 1, 3]
[19, 18, 8, 4, 3]
[19, 8, 4, 1, 2, 3]
[19, 18, 8, 4, 1, 3]
[20, 19, 8, 4, 3]
[20, 19, 8, 4, 1, 3]
[20, 19, 18, 8, 4, 3]
[20, 19, 8, 4, 1, 2, 3]
[20, 19, 18, 8, 4, 1, 3]
[21, 9, 5, 2, 3]
[21, 9, 5, 2, 1, 3]
[21, 9, 5, 2, 1, 4, 3]
[21, 22, 23, 9, 5, 2, 3]
[21, 9, 5, 6, 7, 8, 4, 3]
[22, 21, 9, 5, 2, 3]
[22, 23, 9, 5, 2, 3]
[22, 21, 9, 5, 2, 1, 3]
[22, 23, 9, 5, 2, 1, 3]
[22, 21, 9, 5, 2, 1, 4, 3]
[23, 9, 5, 2, 3]
[23, 9, 5, 2, 1, 3]
[23, 9, 5, 2, 1, 4, 3]
[23, 22, 21, 9, 5, 2, 3]
[23, 9, 5, 6, 7, 8, 4, 3]
[24, 11, 10, 9, 5, 2, 3]
[24, 26, 11, 10, 9, 5, 2, 3]
[24, 11, 10, 9, 5, 2, 1, 3]
[24, 11, 10, 13, 6, 5, 2, 3]
[24, 26, 11, 10, 9, 5, 2, 1, 3]
[25, 24, 11, 10, 9, 5, 2, 3]
[25, 24, 26, 11, 10, 9, 5, 2, 3]
[25, 24, 11, 10, 9, 5, 2, 1, 3]
[25, 24, 11, 10, 13, 6, 5, 2, 3]
[25, 27, 26, 11, 10, 9, 5, 2, 3]
[26, 11, 10, 9, 5, 2, 3]
[26, 11, 10, 9, 5, 2, 1, 3]
[26, 11, 10, 13, 6, 5, 2, 3]
[26, 24, 11, 10, 9, 5, 2, 3]
[26, 11, 10, 9, 5, 2, 1, 4, 3]
[27, 26, 11, 10, 9, 5, 2, 3]
[27, 26, 11, 10, 9, 5, 2, 1, 3]
[27, 26, 11, 10, 13, 6, 5, 2, 3]
[27, 26, 24, 11, 10, 9, 5, 2, 3]
[27, 25, 24, 11, 10, 9, 5, 2, 3]
[28, 29, 12, 10, 9, 5, 2, 3]
[28, 29, 12, 10, 9, 5, 2, 1, 3]
[28, 29, 12, 10, 13, 6, 5, 2, 3]
[28, 29, 12, 14, 13, 6, 5, 2, 3]
[28, 30, 29, 12, 10, 9, 5, 2, 3]
[29, 12, 10, 9, 5, 2, 3]
[29, 12, 10, 9, 5, 2, 1, 3]
[29, 12, 10, 13, 6, 5, 2, 3]
[29, 12, 14, 13, 6, 5, 2, 3]
[29, 12, 10, 9, 5, 2, 1, 4, 3]
[30, 29, 12, 10, 9, 5, 2, 3]
[30, 28, 29, 12, 10, 9, 5, 2, 3]
[30, 29, 12, 10, 9, 5, 2, 1, 3]
[30, 29, 12, 10, 13, 6, 5, 2, 3]
[30, 29, 12, 14, 13, 6, 5, 2, 3]
[31, 14, 13, 6, 5, 2, 3]
[31, 33, 14, 13, 6, 5, 2, 3]
[31, 14, 12, 10, 9, 5, 2, 3]
[31, 14, 13, 10, 9, 5, 2, 3]
[31, 14, 13, 6, 5, 2, 1, 3]
[32, 31, 14, 13, 6, 5, 2, 3]
[32, 33, 14, 13, 6, 5, 2, 3]
[32, 31, 33, 14, 13, 6, 5, 2, 3]
[32, 31, 14, 12, 10, 9, 5, 2, 3]
[32, 31, 14, 13, 10, 9, 5, 2, 3]
[33, 14, 13, 6, 5, 2, 3]
[33, 31, 14, 13, 6, 5, 2, 3]
[33, 14, 12, 10, 9, 5, 2, 3]
[33, 14, 13, 10, 9, 5, 2, 3]
[33, 14, 13, 6, 5, 2, 1, 3]
[34, 36, 16, 17, 7, 8, 4, 3]
[34, 36, 16, 15, 7, 8, 4, 3]
[34, 35, 16, 17, 7, 8, 4, 3]
[34, 35, 16, 15, 7, 8, 4, 3]
[34, 36, 35, 16, 17, 7, 8, 4, 3]
[35, 16, 17, 7, 8, 4, 3]
[35, 16, 15, 7, 8, 4, 3]
[35, 36, 16, 17, 7, 8, 4, 3]
[35, 36, 16, 15, 7, 8, 4, 3]
[35, 16, 17, 7, 6, 5, 2, 3]
[36, 16, 17, 7, 8, 4, 3]
[36, 16, 15, 7, 8, 4, 3]
[36, 35, 16, 17, 7, 8, 4, 3]
[36, 35, 16, 15, 7, 8, 4, 3]
[36, 16, 17, 7, 6, 5, 2, 3]
[37, 38, 17, 7, 8, 4, 3]
[37, 39, 40, 17, 7, 8, 4, 3]
[37, 38, 17, 7, 6, 5, 2, 3]
[37, 38, 17, 7, 8, 4, 1, 3]
[37, 38, 40, 17, 7, 8, 4, 3]
[38, 17, 7, 8, 4, 3]
[38, 17, 7, 6, 5, 2, 3]
[38, 17, 7, 8, 4, 1, 3]
[38, 40, 17, 7, 8, 4, 3]
[38, 17, 7, 6, 5, 2, 1, 3]
[39, 40, 17, 7, 8, 4, 3]
[39, 40, 17, 7, 6, 5, 2, 3]
[39, 40, 17, 7, 8, 4, 1, 3]
[39, 40, 38, 17, 7, 8, 4, 3]
[39, 37, 38, 17, 7, 8, 4, 3]
[40, 17, 7, 8, 4, 3]
[40, 17, 7, 6, 5, 2, 3]
[40, 17, 7, 8, 4, 1, 3]
[40, 38, 17, 7, 8, 4, 3]
[40, 17, 7, 6, 5, 2, 1, 3]
[41, 17, 7, 8, 4, 3]
[41, 17, 7, 6, 5, 2, 3]
[41, 17, 7, 8, 4, 1, 3]
[41, 17, 7, 6, 5, 2, 1, 3]
[41, 17, 7, 8, 4, 1, 2, 3]
[42, 18, 8, 4, 3]
[42, 18, 19, 8, 4, 3]
[42, 18, 8, 4, 1, 3]
[42, 18, 19, 8, 4, 1, 3]
[42, 18, 8, 4, 1, 2, 3]
[43, 42, 18, 8, 4, 3]
[43, 44, 45, 18, 8, 4, 3]
[43, 42, 18, 19, 8, 4, 3]
[43, 42, 18, 8, 4, 1, 3]
[43, 44, 45, 18, 19, 8, 4, 3]
[44, 45, 18, 8, 4, 3]
[44, 43, 42, 18, 8, 4, 3]
[44, 45, 18, 19, 8, 4, 3]
[44, 45, 18, 8, 4, 1, 3]
[44, 43, 42, 18, 19, 8, 4, 3]
[45, 18, 8, 4, 3]
[45, 18, 19, 8, 4, 3]
[45, 18, 8, 4, 1, 3]
[45, 18, 19, 8, 4, 1, 3]
[45, 18, 8, 4, 1, 2, 3]
[46, 19, 8, 4, 3]
[46, 19, 8, 4, 1, 3]
[46, 19, 18, 8, 4, 3]
[46, 47, 48, 19, 8, 4, 3]
[46, 19, 8, 4, 1, 2, 3]
[47, 46, 19, 8, 4, 3]
[47, 48, 19, 8, 4, 3]
[47, 46, 19, 8, 4, 1, 3]
[47, 46, 19, 18, 8, 4, 3]
[47, 48, 19, 8, 4, 1, 3]
[48, 19, 8, 4, 3]
[48, 19, 8, 4, 1, 3]
[48, 19, 18, 8, 4, 3]
[48, 47, 46, 19, 8, 4, 3]
[48, 19, 8, 4, 1, 2, 3]
[49, 20, 19, 8, 4, 3]
[49, 20, 19, 8, 4, 1, 3]
[49, 20, 19, 18, 8, 4, 3]
[49, 20, 19, 8, 4, 1, 2, 3]
[49, 20, 19, 18, 8, 4, 1, 3]
[50, 49, 20, 19, 8, 4, 3]
[50, 51, 20, 19, 8, 4, 3]
[50, 49, 20, 19, 8, 4, 1, 3]
[50, 49, 20, 19, 18, 8, 4, 3]
[50, 51, 20, 19, 8, 4, 1, 3]
[51, 20, 19, 8, 4, 3]
[51, 20, 19, 8, 4, 1, 3]
[51, 20, 19, 18, 8, 4, 3]
[51, 20, 19, 8, 4, 1, 2, 3]
[51, 20, 19, 18, 8, 4, 1, 3]
[1, 4]
[1, 3, 4]
[1, 2, 3, 4]
[1, 2, 5, 6, 7, 8, 4]
[1, 3, 2, 5, 6, 7, 8, 4]
[2, 3, 4]
[2, 1, 4]
[2, 3, 1, 4]
[2, 1, 3, 4]
[2, 5, 6, 7, 8, 4]
[3, 4]
[3, 1, 4]
[3, 2, 1, 4]
[3, 2, 5, 6, 7, 8, 4]
[3, 1, 2, 5, 6, 7, 8, 4]
[5, 2, 3, 4]
[5, 2, 1, 4]
[5, 6, 7, 8, 4]
[5, 2, 3, 1, 4]
[5, 2, 1, 3, 4]
[6, 7, 8, 4]
[6, 5, 2, 3, 4]
[6, 5, 2, 1, 4]
[6, 5, 2, 3, 1, 4]
[6, 5, 2, 1, 3, 4]
[7, 8, 4]
[7, 6, 5, 2, 3, 4]
[7, 6, 5, 2, 1, 4]
[7, 6, 5, 2, 3, 1, 4]
[7, 6, 5, 2, 1, 3, 4]
[8, 4]
[8, 7, 6, 5, 2, 3, 4]
[8, 7, 6, 5, 2, 1, 4]
[8, 7, 6, 5, 2, 3, 1, 4]
[8, 7, 6, 5, 2, 1, 3, 4]
[9, 5, 2, 3, 4]
[9, 5, 2, 1, 4]
[9, 5, 6, 7, 8, 4]
[9, 5, 2, 3, 1, 4]
[9, 5, 2, 1, 3, 4]
[10, 9, 5, 2, 3, 4]
[10, 9, 5, 2, 1, 4]
[10, 13, 6, 7, 8, 4]
[10, 9, 5, 6, 7, 8, 4]
[10, 9, 5, 2, 3, 1, 4]
[11, 10, 9, 5, 2, 3, 4]
[11, 10, 9, 5, 2, 1, 4]
[11, 10, 13, 6, 7, 8, 4]
[11, 10, 9, 5, 6, 7, 8, 4]
[11, 10, 9, 5, 2, 3, 1, 4]
[12, 10, 9, 5, 2, 3, 4]
[12, 10, 9, 5, 2, 1, 4]
[12, 10, 13, 6, 7, 8, 4]
[12, 14, 13, 6, 7, 8, 4]
[12, 10, 9, 5, 6, 7, 8, 4]
[13, 6, 7, 8, 4]
[13, 6, 5, 2, 3, 4]
[13, 6, 5, 2, 1, 4]
[13, 10, 9, 5, 2, 3, 4]
[13, 10, 9, 5, 2, 1, 4]
[14, 13, 6, 7, 8, 4]
[14, 13, 6, 5, 2, 3, 4]
[14, 13, 6, 5, 2, 1, 4]
[14, 12, 10, 9, 5, 2, 3, 4]
[14, 12, 10, 9, 5, 2, 1, 4]
[15, 7, 8, 4]
[15, 16, 17, 7, 8, 4]
[15, 7, 6, 5, 2, 3, 4]
[15, 7, 6, 5, 2, 1, 4]
[15, 7, 6, 5, 2, 3, 1, 4]
[16, 17, 7, 8, 4]
[16, 15, 7, 8, 4]
[16, 17, 7, 6, 5, 2, 3, 4]
[16, 17, 7, 6, 5, 2, 1, 4]
[16, 15, 7, 6, 5, 2, 3, 4]
[17, 7, 8, 4]
[17, 16, 15, 7, 8, 4]
[17, 7, 6, 5, 2, 3, 4]
[17, 7, 6, 5, 2, 1, 4]
[17, 7, 6, 5, 2, 3, 1, 4]
[18, 8, 4]
[18, 19, 8, 4]
[18, 8, 7, 6, 5, 2, 3, 4]
[18, 8, 7, 6, 5, 2, 1, 4]
[18, 19, 8, 7, 6, 5, 2, 3, 4]
[19, 8, 4]
[19, 18, 8, 4]
[19, 8, 7, 6, 5, 2, 3, 4]
[19, 8, 7, 6, 5, 2, 1, 4]
[19, 8, 7, 6, 5, 2, 3, 1, 4]
[20, 19, 8, 4]
[20, 19, 18, 8, 4]
[20, 19, 8, 7, 6, 5, 2, 3, 4]
[20, 19, 8, 7, 6, 5, 2, 1, 4]
[20, 19, 8, 7, 6, 5, 2, 3, 1, 4]
[21, 9, 5, 2, 3, 4]
[21, 9, 5, 2, 1, 4]
[21, 9, 5, 6, 7, 8, 4]
[21, 9, 5, 2, 3, 1, 4]
[21, 9, 5, 2, 1, 3, 4]
[22, 21, 9, 5, 2, 3, 4]
[22, 21, 9, 5, 2, 1, 4]
[22, 23, 9, 5, 2, 3, 4]
[22, 23, 9, 5, 2, 1, 4]
[22, 21, 9, 5, 6, 7, 8, 4]
[23, 9, 5, 2, 3, 4]
[23, 9, 5, 2, 1, 4]
[23, 9, 5, 6, 7, 8, 4]
[23, 9, 5, 2, 3, 1, 4]
[23, 9, 5, 2, 1, 3, 4]
[24, 11, 10, 9, 5, 2, 3, 4]
[24, 11, 10, 9, 5, 2, 1, 4]
[24, 11, 10, 13, 6, 7, 8, 4]
[24, 26, 11, 10, 9, 5, 2, 3, 4]
[24, 26, 11, 10, 9, 5, 2, 1, 4]
[25, 24, 11, 10, 9, 5, 2, 3, 4]
[25, 24, 11, 10, 9, 5, 2, 1, 4]
[25, 24, 11, 10, 13, 6, 7, 8, 4]
[25, 24, 26, 11, 10, 9, 5, 2, 3, 4]
[25, 24, 26, 11, 10, 9, 5, 2, 1, 4]
[26, 11, 10, 9, 5, 2, 3, 4]
[26, 11, 10, 9, 5, 2, 1, 4]
[26, 11, 10, 13, 6, 7, 8, 4]
[26, 11, 10, 9, 5, 6, 7, 8, 4]
[26, 11, 10, 9, 5, 2, 3, 1, 4]
[27, 26, 11, 10, 9, 5, 2, 3, 4]
[27, 26, 11, 10, 9, 5, 2, 1, 4]
[27, 26, 11, 10, 13, 6, 7, 8, 4]
[27, 26, 11, 10, 9, 5, 6, 7, 8, 4]
[27, 26, 11, 10, 9, 5, 2, 3, 1, 4]
[28, 29, 12, 10, 9, 5, 2, 3, 4]
[28, 29, 12, 10, 9, 5, 2, 1, 4]
[28, 29, 12, 10, 13, 6, 7, 8, 4]
[28, 29, 12, 14, 13, 6, 7, 8, 4]
[28, 29, 12, 10, 9, 5, 6, 7, 8, 4]
[29, 12, 10, 9, 5, 2, 3, 4]
[29, 12, 10, 9, 5, 2, 1, 4]
[29, 12, 10, 13, 6, 7, 8, 4]
[29, 12, 14, 13, 6, 7, 8, 4]
[29, 12, 10, 9, 5, 6, 7, 8, 4]
[30, 29, 12, 10, 9, 5, 2, 3, 4]
[30, 29, 12, 10, 9, 5, 2, 1, 4]
[30, 29, 12, 10, 13, 6, 7, 8, 4]
[30, 29, 12, 14, 13, 6, 7, 8, 4]
[30, 28, 29, 12, 10, 9, 5, 2, 3, 4]
[31, 14, 13, 6, 7, 8, 4]
[31, 33, 14, 13, 6, 7, 8, 4]
[31, 14, 13, 6, 5, 2, 3, 4]
[31, 14, 13, 6, 5, 2, 1, 4]
[31, 33, 14, 13, 6, 5, 2, 3, 4]
[32, 31, 14, 13, 6, 7, 8, 4]
[32, 33, 14, 13, 6, 7, 8, 4]
[32, 31, 33, 14, 13, 6, 7, 8, 4]
[32, 31, 14, 13, 6, 5, 2, 3, 4]
[32, 31, 14, 13, 6, 5, 2, 1, 4]
[33, 14, 13, 6, 7, 8, 4]
[33, 31, 14, 13, 6, 7, 8, 4]
[33, 14, 13, 6, 5, 2, 3, 4]
[33, 14, 13, 6, 5, 2, 1, 4]
[33, 31, 14, 13, 6, 5, 2, 3, 4]
[34, 36, 16, 17, 7, 8, 4]
[34, 36, 16, 15, 7, 8, 4]
[34, 35, 16, 17, 7, 8, 4]
[34, 35, 16, 15, 7, 8, 4]
[34, 36, 35, 16, 17, 7, 8, 4]
[35, 16, 17, 7, 8, 4]
[35, 16, 15, 7, 8, 4]
[35, 36, 16, 17, 7, 8, 4]
[35, 36, 16, 15, 7, 8, 4]
[35, 34, 36, 16, 17, 7, 8, 4]
[36, 16, 17, 7, 8, 4]
[36, 16, 15, 7, 8, 4]
[36, 35, 16, 17, 7, 8, 4]
[36, 35, 16, 15, 7, 8, 4]
[36, 34, 35, 16, 17, 7, 8, 4]
[37, 38, 17, 7, 8, 4]
[37, 39, 40, 17, 7, 8, 4]
[37, 38, 40, 17, 7, 8, 4]
[37, 39, 40, 38, 17, 7, 8, 4]
[37, 38, 17, 16, 15, 7, 8, 4]
[38, 17, 7, 8, 4]
[38, 40, 17, 7, 8, 4]
[38, 17, 16, 15, 7, 8, 4]
[38, 17, 7, 6, 5, 2, 3, 4]
[38, 17, 7, 6, 5, 2, 1, 4]
[39, 40, 17, 7, 8, 4]
[39, 40, 38, 17, 7, 8, 4]
[39, 37, 38, 17, 7, 8, 4]
[39, 40, 17, 16, 15, 7, 8, 4]
[39, 37, 38, 40, 17, 7, 8, 4]
[40, 17, 7, 8, 4]
[40, 38, 17, 7, 8, 4]
[40, 17, 16, 15, 7, 8, 4]
[40, 39, 37, 38, 17, 7, 8, 4]
[40, 17, 7, 6, 5, 2, 3, 4]
[41, 17, 7, 8, 4]
[41, 17, 16, 15, 7, 8, 4]
[41, 17, 7, 6, 5, 2, 3, 4]
[41, 17, 7, 6, 5, 2, 1, 4]
[41, 17, 7, 6, 5, 2, 3, 1, 4]
[42, 18, 8, 4]
[42, 18, 19, 8, 4]
[42, 43, 44, 45, 18, 8, 4]
[42, 43, 44, 45, 18, 19, 8, 4]
[42, 18, 8, 7, 6, 5, 2, 3, 4]
[43, 42, 18, 8, 4]
[43, 44, 45, 18, 8, 4]
[43, 42, 18, 19, 8, 4]
[43, 44, 45, 18, 19, 8, 4]
[43, 42, 18, 8, 7, 6, 5, 2, 3, 4]
[44, 45, 18, 8, 4]
[44, 43, 42, 18, 8, 4]
[44, 45, 18, 19, 8, 4]
[44, 43, 42, 18, 19, 8, 4]
[44, 45, 18, 8, 7, 6, 5, 2, 3, 4]
[45, 18, 8, 4]
[45, 18, 19, 8, 4]
[45, 44, 43, 42, 18, 8, 4]
[45, 44, 43, 42, 18, 19, 8, 4]
[45, 18, 8, 7, 6, 5, 2, 3, 4]
[46, 19, 8, 4]
[46, 19, 18, 8, 4]
[46, 47, 48, 19, 8, 4]
[46, 47, 48, 19, 18, 8, 4]
[46, 19, 8, 7, 6, 5, 2, 3, 4]
[47, 46, 19, 8, 4]
[47, 48, 19, 8, 4]
[47, 46, 19, 18, 8, 4]
[47, 48, 19, 18, 8, 4]
[47, 46, 19, 8, 7, 6, 5, 2, 3, 4]
[48, 19, 8, 4]
[48, 19, 18, 8, 4]
[48, 47, 46, 19, 8, 4]
[48, 47, 46, 19, 18, 8, 4]
[48, 19, 8, 7, 6, 5, 2, 3, 4]
[49, 20, 19, 8, 4]
[49, 20, 19, 18, 8, 4]
[49, 50, 51, 20, 19, 8, 4]
[49, 50, 51, 20, 19, 18, 8, 4]
[49, 20, 19, 8, 7, 6, 5, 2, 3, 4]
[50, 49, 20, 19, 8, 4]
[50, 51, 20, 19, 8, 4]
[50, 49, 20, 19, 18, 8, 4]
[50, 51, 20, 19, 18, 8, 4]
[51, 20, 19, 8, 4]
[51, 20, 19, 18, 8, 4]
[51, 50, 49, 20, 19, 8, 4]
[51, 50, 49, 20, 19, 18, 8, 4]
[51, 20, 19, 8, 7, 6, 5, 2, 3, 4]
